<=5.098150014877319
~<=7242.824951171875
~~<=2.3429499864578247
~~~<=-0.6457000076770782
~~~~<=1.1531000137329102
~~~~~<=0.06805000081658363
~~~~~~[[ 0. 40. 27.  7. 52.  4.  3.  0.  0.]]
~~~~~>0.06805000081658363
~~~~~~[[ 6. 71. 24. 34. 18. 29.  1.  4.  0.]]
~~~~>1.1531000137329102
~~~~~<=0.24605000019073486
~~~~~~[[0. 0. 0. 0. 6. 0. 0. 0. 0.]]
~~~~~>0.24605000019073486
~~~~~~[[ 0.  3.  8.  6. 10.  2.  3.  0.  0.]]
~~~>-0.6457000076770782
~~~~<=18870.2998046875
~~~~~<=5092.614990234375
~~~~~~[[ 0. 25. 14.  2. 45. 10.  4.  0.  0.]]
~~~~~>5092.614990234375
~~~~~~[[ 1. 10. 13.  6.  5.  4.  0.  2.  0.]]
~~~~>18870.2998046875
~~~~~<=2.9077500104904175
~~~~~~[[ 1.  1.  2.  1. 24.  0.  0.  0.  0.]]
~~~~~>2.9077500104904175
~~~~~~[[0. 3. 1. 0. 1. 2. 0. 0. 0.]]
~~>2.3429499864578247
~~~<=6882.804931640625
~~~~<=2.22160005569458
~~~~~<=0.36204999685287476
~~~~~~[[0. 0. 0. 0. 2. 0. 0. 0. 0.]]
~~~~~>0.36204999685287476
~~~~~~[[0. 2. 0. 1. 0. 3. 0. 0. 0.]]
~~~~>2.22160005569458
~~~~~<=4614.969970703125
~~~~~~[[0. 2. 4. 6. 1. 1. 0. 0. 0.]]
~~~~~>4614.969970703125
~~~~~~[[0. 0. 0. 9. 0. 0. 0. 0. 0.]]
~~~>6882.804931640625
~~~~<=-0.6157000064849854
~~~~~<=-4.1102999448776245
~~~~~~[[0. 0. 0. 0. 0. 1. 1. 0. 0.]]
~~~~~>-4.1102999448776245
~~~~~~[[0. 0. 0. 0. 0. 3. 0. 0. 0.]]
~~~~>-0.6157000064849854
~~~~~<=4.867799997329712
~~~~~~[[ 0.  1. 28.  7. 10.  7.  1.  0.  0.]]
~~~~~>4.867799997329712
~~~~~~[[0. 5. 1. 2. 2. 1. 1. 0. 0.]]
~>7242.824951171875
~~<=5451.10986328125
~~~[[0. 0. 0. 0. 0. 0. 0. 0. 4.]]
~~>5451.10986328125
~~~<=7565.919921875
~~~~<=-1.171349972486496
~~~~~<=7574.35009765625
~~~~~~[[2. 0. 0. 0. 0. 1. 0. 1. 1.]]
~~~~~>7574.35009765625
~~~~~~[[211.   0.   0.   0.   0.   0.   0.   0.   1.]]
~~~~>-1.171349972486496
~~~~~[[0. 0. 0. 0. 0. 0. 0. 0. 3.]]
~~~>7565.919921875
~~~~<=0.29794999957084656
~~~~~<=0.43289999663829803
~~~~~~[[16.  3.  4.  0.  3.  2.  1.  0.  2.]]
~~~~~>0.43289999663829803
~~~~~~[[25.  2.  1.  1.  0.  0.  0.  0.  0.]]
~~~~>0.29794999957084656
~~~~~<=-0.11170000303536654
~~~~~~[[60.  0.  0.  0.  0.  0.  0.  0.  1.]]
~~~~~>-0.11170000303536654
~~~~~~[[43.  2.  1.  0.  0.  0.  0.  0.  0.]]
>5.098150014877319
~<=7.124399900436401
~~<=0.29919999837875366
~~~<=4.065900087356567
~~~~<=5.368149995803833
~~~~~<=2.452399969100952
~~~~~~[[0. 0. 0. 0. 0. 2. 0. 0. 0.]]
~~~~~>2.452399969100952
~~~~~~[[0. 1. 0. 2. 0. 0. 0. 0. 0.]]
~~~~>5.368149995803833
~~~~~<=7761.885009765625
~~~~~~[[0. 0. 0. 5. 0. 0. 0. 0. 0.]]
~~~~~>7761.885009765625
~~~~~~[[0. 0. 0. 1. 1. 0. 0. 0. 0.]]
~~~>4.065900087356567
~~~~<=5.358099937438965
~~~~~<=5.374850034713745
~~~~~~[[0. 0. 0. 0. 2. 0. 0. 0. 0.]]
~~~~~>5.374850034713745
~~~~~~[[0. 2. 0. 0. 0. 0. 1. 0. 0.]]
~~~~>5.358099937438965
~~~~~<=4.401099920272827
~~~~~~[[0. 0. 0. 0. 0. 4. 0. 0. 0.]]
~~~~~>4.401099920272827
~~~~~~[[ 1.  2.  2. 15.  6. 10.  3.  0.  0.]]
~~>0.29919999837875366
~~~[[4. 0. 0. 0. 0. 0. 0. 0. 0.]]
~>7.124399900436401
~~<=11.712299823760986
~~~<=4218.669921875
~~~~<=5.692499876022339
~~~~~<=0.5032999962568283
~~~~~~[[0. 0. 0. 0. 0. 0. 2. 0. 0.]]
~~~~~>0.5032999962568283
~~~~~~[[0. 0. 0. 3. 0. 0. 1. 0. 0.]]
~~~~>5.692499876022339
~~~~~<=7.774399995803833
~~~~~~[[0. 0. 0. 0. 1. 0. 1. 0. 0.]]
~~~~~>7.774399995803833
~~~~~~[[0. 0. 0. 0. 0. 0. 3. 0. 0.]]
~~~>4218.669921875
~~~~<=0.2764500081539154
~~~~~<=8.829200267791748
~~~~~~[[ 0.  1.  0. 30.  0.  3.  0.  0.  0.]]
~~~~~>8.829200267791748
~~~~~~[[0. 0. 0. 1. 1. 0. 0. 0. 0.]]
~~~~>0.2764500081539154
~~~~~[[2. 0. 0. 0. 0. 0. 0. 0. 0.]]
~~>11.712299823760986
~~~[[0. 0. 0. 0. 0. 0. 2. 0. 0.]]
